FM3vsFM4_CROSS_WpZ_llqq: 3.09660965e-05 +- 3.6963608094028105e-07
FM1vsFM4_CROSS_WpZ_llqq: 2.1782490499999998e-05 +- 5.06997096916935e-07
FM1vsFM3_CROSS_WpZ_llqq: -3.690120884000001e-05 +- 1.8225699805435602e-07
FM0vsFM2_CROSS_WpZ_llqq: -8.398294795000001e-05 +- 4.0195161926301947e-07
FM2vsFT5_CROSS_WpZ_llqq: 4.240706e-06 +- 1.1595462814709036e-07
FM2vsFT1_CROSS_WpZ_llqq: -3.0177501e-06 +- 7.956758057136085e-08
FM2vsFT0_CROSS_WpZ_llqq: -4.181050000000001e-07 +- 4.926135595845997e-07
FM1vsFT1_CROSS_WpZ_llqq: -1.6444242999999995e-05 +- 9.10059574649138e-07
FM1vsFT0_CROSS_WpZ_llqq: -5.1306411e-06 +- 6.46153303031943e-07
FM1vsFS1_CROSS_WpZ_llqq: -9.771377999999998e-07 +- 8.366049842256738e-09
FM1vsFS0_CROSS_WpZ_llqq: 5.5142600000000004e-08 +- 9.76865432380438e-09
FM1vsFM2_CROSS_WpZ_llqq: 2.4843608790000002e-05 +- 3.9592431523438015e-07
FM0vsFT5_CROSS_WpZ_llqq: -2.532565e-06 +- 1.9235068697984938e-07
FM0vsFT1_CROSS_WpZ_llqq: 2.334352e-05 +- 1.0459374311834766e-06
FM0vsFT0_CROSS_WpZ_llqq: 2.3046964000000006e-05 +- 4.439800824059144e-06
FM0vsFS1_CROSS_WpZ_llqq: 2.560375e-06 +- 5.6790134348087254e-08
FM0vsFS0_CROSS_WpZ_llqq: -2.743713e-07 +- 1.360641883306967e-08
FM0vsFM1_CROSS_WpZ_llqq: -0.0002810525 +- 1.1840663597662085e-06
FS2_QUAD_WpZ_llqq: 2.62038314e-05 +- 3.384972129348918e-07
FS1_QUAD_WpZ_llqq: 1.16884492e-05 +- 1.7300165570147486e-07
FS0_QUAD_WpZ_llqq: 2.62038314e-05 +- 3.384972129348918e-07
FT7_QUAD_WpZ_llqq: 0.0009660870000000001 +- 1.1827539987457039e-05
FT6_QUAD_WpZ_llqq: 0.005716377 +- 0.00010894116034044936
FT5_QUAD_WpZ_llqq: 0.005400713 +- 7.822571628401046e-05
FT4_QUAD_WpZ_llqq: 0.0014702818 +- 1.0385011650249844e-05
FT3_QUAD_WpZ_llqq: 0.016467601000000002 +- 0.00034837151143091556
FT2_QUAD_WpZ_llqq: 0.008999836 +- 9.074066963301794e-05
FT1_QUAD_WpZ_llqq: 0.07649491 +- 0.0008043103784189296
FT0_QUAD_WpZ_llqq: 0.032961124999999994 +- 0.0003398576578531665
FM9_QUAD_WpZ_llqq: 0.0010302274 +- 1.3214892086825227e-05
FM8_QUAD_WpZ_llqq: 0.00011015638 +- 1.2082037716698952e-06
FM7_QUAD_WpZ_llqq: 0.00010904981000000001 +- 1.4415734323166373e-06
FM5_QUAD_WpZ_llqq: 0.00029514632 +- 6.727389807046564e-06
FM4_QUAD_WpZ_llqq: 0.0005540299299999998 +- 7.982188831690778e-06
FM3_QUAD_WpZ_llqq: 5.549215279999999e-05 +- 6.378868657800758e-07
FM2_QUAD_WpZ_llqq: 0.0001295002884 +- 1.5725719466668947e-06
FM1_QUAD_WpZ_llqq: 0.00017560888 +- 2.252345497795798e-06
FM0_QUAD_WpZ_llqq: 0.0004283001999999999 +- 2.514650425658604e-06